loop 3
delay 100
frame
00000000
00000000
00000000
00000000
00000000
00000000
00000000
00000000
frame
00000000
00000001
00000001
00000001
00000001
00000001
00000001
00000000
frame
00000000
00000011
00000010
00000011
00000010
00000010
00000011
00000000
frame
00000000
00000111
00000100
00000111
00000100
00000100
00000111
00000000
frame
00000000
00001111
00001000
00001111
00001000
00001000
00001111
00000000
frame
00000000
00011111
00010000
00011111
00010000
00010000
00011111
00000000
frame
00000000
00111111
00100000
00111111
00100000
00100000
00111111
00000000
frame
00000000
01111110
01000001
01111110
01000001
01000001
01111110
00000000
frame
00000000
11111100
10000010
11111100
10000010
10000010
11111100
00000000
frame
00000000
11111000
00000100
11111000
00000100
00000100
11111000
00000000
frame
00000000
11110000
00001001
11110001
00001001
00001001
11110000
00000000
frame
00000000
11100001
00010010
11100010
00010010
00010010
11100001
00000000
frame
00000000
11000011
00100100
11000100
00100100
00100100
11000011
00000000
frame
00000000
10000111
01001000
10001000
01001000
01001000
10000111
00000000
frame
00000000
00001111
10010000
00010000
10010000
10010000
00001111
00000000
frame
00000000
00011111
00100000
00100000
00100000
00100000
00011111
00000000
frame
00000000
00111110
01000001
01000001
01000001
01000001
00111110
00000000
frame
00000000
01111100
10000010
10000010
10000010
10000010
01111100
00000000
frame
00000000
11111000
00000100
00000100
00000100
00000100
11111000
00000000
frame
00000000
11110001
00001000
00001000
00001000
00001000
11110001
00000000
frame
00000000
11100010
00010001
00010000
00010000
00010000
11100010
00000000
frame
00000000
11000100
00100010
00100001
00100000
00100001
11000100
00000000
frame
00000000
10001000
01000100
01000010
01000001
01000010
10001000
00000000
frame
00000000
00010000
10001000
10000101
10000010
10000101
00010000
00000000
frame
00000000
00100000
00010001
00001010
00000100
00001010
00100000
00000000
frame
00000000
01000001
00100010
00010100
00001000
00010100
01000001
00000000
frame
00000000
10000010
01000100
00101000
00010000
00101000
10000010
00000000
frame
00000000
00000100
10001000
01010000
00100000
01010000
00000100
00000000
frame
00000000
00001001
00010001
10100001
01000001
10100001
00001001
00000000
frame
00000000
00010010
00100010
01000010
10000010
01000010
00010011
00000000
frame
00000000
00100100
01000100
10000100
00000100
10000100
00100111
00000000
frame
00000000
01001000
10001000
00001000
00001000
00001000
01001111
00000000
frame
00000000
10010000
00010000
00010000
00010000
00010000
10011111
00000000
frame
00000000
00100000
00100000
00100000
00100000
00100000
00111111
00000000
frame
00000000
01000000
01000000
01000000
01000000
01000000
01111110
00000000
frame
00000000
10000000
10000000
10000000
10000000
10000000
11111100
00000000
frame
00000000
00000000
00000000
00000000
00000000
00000000
11111000
00000000
frame
00000000
00000000
00000001
00000001
00000001
00000001
11110001
00000000
frame
00000000
00000001
00000010
00000011
00000010
00000010
11100010
00000000
frame
00000000
00000011
00000100
00000111
00000100
00000100
11000100
00000000
frame
00000000
00000111
00001000
00001111
00001000
00001000
10001000
00000000
frame
00000000
00011111
00100000
00111111
00100000
00100000
00100000
00000000
frame
00000000
00111110
01000001
01111111
01000001
01000001
01000001
00000000
frame
00000000
01111100
10000010
11111110
10000010
10000010
10000010
00000000
frame
00000000
11111000
00000100
11111100
00000100
00000100
00000100
00000000
frame
00000000
11110001
00001001
11111001
00001001
00001001
00001001
00000000
frame
00000000
11100011
00010010
11110010
00010010
00010010
00010010
00000000
frame
00000000
11000110
00100101
11100100
00100100
00100100
00100100
00000000
frame
00000000
10001100
01001010
11001001
01001000
01001000
01001000
00000000
frame
00000000
00011000
10010100
10010010
10010001
10010000
10010000
00000000
frame
00000000
00110000
00101000
00100100
00100010
00100001
00100000
00000000
frame
00000000
01100001
01010001
01001001
01000101
01000011
01000001
00000000
frame
00000000
11000010
10100010
10010010
10001010
10000110
10000010
00000000
frame
00000000
10000100
01000100
00100100
00010100
00001100
00000100
00000000
frame
00000000
00001000
10001001
01001001
00101001
00011001
00001000
00000000
frame
00000000
00010001
00010010
10010010
01010010
00110010
00010001
00000000
frame
00000000
00100011
00100100
00100100
10100100
01100100
00100011
00000000
frame
00000000
01000111
01001000
01001000
01001000
11001000
01000111
00000000
frame
00000000
10001111
10010000
10010000
10010001
10010000
10001111
00000000
frame
00000000
00011111
00100000
00100000
00100011
00100001
00011111
00000000
frame
00000000
00111110
01000000
01000000
01000110
01000010
00111110
00000000
frame
00000000
01111100
10000000
10000000
10001100
10000100
01111100
00000000
frame
00000000
11111000
00000000
00000000
00011000
00001000
11111000
00000000
frame
00000000
11110000
00000000
00000000
00110000
00010000
11110000
00000000
frame
00000000
11100000
00000000
00000000
01100000
00100000
11100000
00000000
frame
00000000
11000000
00000000
00000000
11000000
01000000
11000000
00000000
frame
00000000
10000000
00000000
00000000
10000000
10000000
10000000
00000000